common_voice_en_699711|common_voice_en_699711_Chinese_zh.wav|common_voice_en_699711_groundtruth.mp3|她会没事的。|she will be safe|she'll be all right.|201 14 67 98 96 144 198 12 21 130 128 116 187 190 33 9 13 156 73 144 198 12 40 141 180 102 15 41 99 49 159 123 176 103 152 68 84 197 86 118 86 77 86 77 86 77 86 77 86 77 86 90 92 202
common_voice_en_18132047|common_voice_en_18132047_Chinese_zh.wav|common_voice_en_18132047_groundtruth.mp3|皆大欢喜。|everyone is great joy|all's well that ends well.|201 14 18 170 79 104 3 194 12 21 130 128 5 147 114 127 151 126 87 157 48 74 149 146 183 3 81 49 159 123 163 70 149 195 171 98 16 80 60 136 26 184 32 92 202
common_voice_en_17263741|common_voice_en_17263741_Chinese_zh.wav|common_voice_en_17263741_groundtruth.mp3|是这个意思吗？|is that mean|do you mean it?|201 149 110 113 151 126 87 157 48 121 59 193 148 35 140 163 70 177 106 144 198 50 123 75 139 137 202
common_voice_en_17893917|common_voice_en_17893917_Chinese_zh.wav|common_voice_en_17893917_groundtruth.mp3|新型贴片相比旧款更具微创效果，但仍可导致机能退化。|the new packages have more minor effected than the old ones but still causes mechanical decline|the new patch is less invasive than the old one, but still causes regressions.|201 14 59 27 115 82 135 7 113 91 65 85 89 154 46 148 78 95 71 158 113 172 185 195 171 98 1 192 87 157 48 23 56 35 143 104 177 106 80 60 101 53 177 106 145 108 184 114 7 165 179 38 24 115 176 103 153 193 170 95 71 30 149 44 127 151 172 185 121 59 56 119 51 63 59 27 144 28 0 174 45 33 9 185 48 21 130 128 5 26 147 75 192 168 39 152 36 162 166 138 191 11 22 149 73 56 172 71 168 141 120 62 44 187 190 33 9 85 89 34 196 46 142 52 83 35 126 87 157 41 151 126 87 157 48 74 177 106 115 85 89 158 46 72 25 114 7 136 115 95 71 34 196 45 9 13 156 44 115 95 85 34 196 178 105 52 97 26 108 184 75 139 92 202
common_voice_en_17561821|common_voice_en_17561821_Chinese_zh.wav|common_voice_en_17561821_groundtruth.mp3|mozilla 打算如何处理“queue”和“cue”这类易混淆的字词呢？|how bozilla is intended to deal words such as kuat and pu|how is mozilla going to handle ambiguities like queue and cue?|201 14 142 88 155 164 53 177 106 186 65 126 87 157 41 187 190 169 136 26 35 0 57 113 151 126 87 157 41 119 51 63 93 66 31 46 170 25 82 63 93 66 44 127 1 172 185 85 149 31 100 172 13 156 44 144 28 190 45 33 9 21 130 128 60 76 47 24 185 168 19 39 152 36 162 166 161 42 11 149 122 180 102 15 41 56 172 71 195 171 98 151 126 87 19 48 74 149 34 196 46 91 173 136 99 49 159 32 0 57 18 82 182 112 66 89 158 96 43 91 164 124 139 92 202
common_voice_en_59751|common_voice_en_59751_Chinese_zh.wav|common_voice_en_59751_groundtruth.mp3|我想你一定会觉得我有些古怪吧。|i suppose you shall feel i'm a bit magined|i guess you must think i'm kinda batty.|201 14 145 108 184 40 141 102 15 41 115 85 89 154 46 186 164 65 126 87 157 175 43 91 65 40 67 98 16 190 33 9 176 103 153 144 28 190 169 105 145 108 184 53 106 136 37 115 13 156 149 73 187 163 70 149 70 177 106 193 72 148 35 185 195 171 98 1 51 75 139 92 202
common_voice_en_17914141|common_voice_en_17914141_Chinese_zh.wav|common_voice_en_17914141_groundtruth.mp3|无法联系到远程机器附近的人员？|people near a remote machine cannot be contacted|no one near the remote machine you could ring?|201 14 46 96 198 12 71 73 45 33 9 135 7 144 28 181 38 101 183 3 194 12 177 106 16 186 164 65 163 70 177 106 115 40 67 98 144 198 50 123 75 182 112 66 86 34 158 46 56 119 82 114 7 52 83 140 70 156 73 144 12 85 86 34 196 46 52 83 147 93 66 31 46 193 148 78 95 71 30 86 44 127 1 172 185 92 202
common_voice_en_18064497|common_voice_en_18064497_Chinese_zh.wav|common_voice_en_18064497_groundtruth.mp3|凡事应一视同仁。|everything should be constituted|sauce for the goose is sauce for the gander.|201 14 18 170 79 104 3 194 12 176 103 59 41 56 160 17 112 40 67 98 115 172 185 156 149 73 144 12 85 149 34 196 46 52 83 147 112 168 180 15 41 115 172 89 31 100 91 65 69 127 1 172 185 92 202
common_voice_en_18902772|common_voice_en_18902772_Chinese_zh.wav|common_voice_en_18902772_groundtruth.mp3|groves 从四岁起就开始写歌了。|rose began writing songs from the age of four|groves started writing songs when she was four years old.|201 14 183 3 81 186 164 65 192 19 48 74 125 73 144 12 13 158 113 72 25 82 182 183 3 81 145 108 184 69 127 160 17 112 40 141 102 15 41 16 52 199 83 147 17 192 19 48 4 109 53 63 121 59 27 144 28 49 159 12 185 195 171 98 37 143 176 103 4 80 60 47 139 92 202
common_voice_en_18295850|common_voice_en_18295850_Chinese_zh.wav|common_voice_en_18295850_groundtruth.mp3|这座历史悠久的桥至今仍屹立不倒。|the historical bridge still stands and stands today|the long-lived bridge still stands today.|201 14 59 27 115 23 151 111 141 120 62 44 16 80 60 101 95 71 34 146 45 9 13 156 89 73 3 187 172 185 195 171 120 62 149 44 187 190 33 9 111 141 120 62 149 44 193 72 25 51 63 93 168 157 41 119 51 63 112 168 141 120 62 149 44 193 72 25 51 63 112 168 19 120 62 149 31 100 172 13 44 193 99 61 32 92 202
common_voice_en_665631|common_voice_en_665631_Chinese_zh.wav|common_voice_en_665631_groundtruth.mp3|除了他自己，没人能劝住他。|nobody himself can advises him|there was nothing to hold him back except himself.|201 14 135 7 16 186 164 13 156 73 136 56 69 127 194 12 23 113 119 51 53 112 19 141 102 15 41 193 190 33 9 176 48 74 149 34 158 46 119 82 114 7 119 115 172 185 48 104 153 52 97 108 184 126 87 157 41 151 126 87 157 23 113 1 26 53 75 139 92 202
common_voice_en_18297811|common_voice_en_18297811_Chinese_zh.wav|common_voice_en_18297811_groundtruth.mp3|我们经常这样说。|we' often say that way|we spoke often.|201 14 128 116 144 12 28 0 174 199 83 79 176 103 153 136 119 51 63 112 168 141 102 15 41 99 49 159 12 6 121 59 193 56 148 35 140 163 70 130 128 116 99 61 32 92 202
common_voice_en_18179121|common_voice_en_18179121_Chinese_zh.wav|common_voice_en_18179121_groundtruth.mp3|消防车上的梯子不够长。|the latter on the fire car was long enough|the ladder on the fire truck was not long enough.|201 14 59 27 54 134 105 193 148 35 69 127 165 47 101 0 174 52 147 63 59 27 115 176 103 153 145 108 184 181 38 101 95 85 149 34 196 46 189 47 101 21 130 128 116 126 87 157 48 134 105 199 83 147 17 113 119 82 114 7 26 78 176 92 202
common_voice_en_496376|common_voice_en_496376_Chinese_zh.wav|common_voice_en_496376_groundtruth.mp3|我会告诉她我们的决定。|i will tell her our decision|i will tell her what we decided.|201 14 145 108 184 21 128 45 9 85 86 31 46 170 190 169 9 23 109 165 179 81 145 189 101 24 13 156 44 151 111 141 102 15 41 187 126 87 171 98 1 51 75 139 92 202
common_voice_en_18274681|common_voice_en_18274681_Chinese_zh.wav|common_voice_en_18274681_groundtruth.mp3|浓缩就是精华。|concentration is the perfect of special|good things come in small packages.|201 14 34 196 46 52 83 147 112 168 180 15 41 119 51 93 66 195 150 3 49 159 12 40 67 98 119 51 63 182 0 57 113 151 126 87 157 121 59 27 115 85 149 154 109 76 101 176 103 153 136 115 95 149 30 180 15 41 37 143 176 19 141 120 48 74 149 73 193 170 78 40 67 98 45 124 92 202
common_voice_en_20141506|common_voice_en_20141506_Chinese_zh.wav|common_voice_en_20141506_groundtruth.mp3|该剧院是欧洲剧院联盟的成员。|the theatre is a member of the european theater legan|it is a member theater of the union of the theatres of europe.|201 14 59 27 115 176 103 153 144 198 28 187 69 127 165 47 101 0 57 113 151 126 87 157 41 27 115 177 106 193 170 79 53 93 73 165 179 0 37 143 121 59 27 144 175 43 165 179 101 115 79 85 149 154 46 144 198 28 119 51 63 93 112 66 103 59 144 198 28 187 69 127 165 101 24 134 58 144 198 123 95 149 158 113 1 82 75 139 92 202
common_voice_en_572372|common_voice_en_572372_Chinese_zh.wav|common_voice_en_572372_groundtruth.mp3|想出去谈谈吗？|would you like to go out to talking|you wanna take this outside?|201 14 130 128 116 172 185 195 171 43 91 65 134 105 145 108 184 95 71 30 149 31 100 115 13 89 146 16 186 164 173 136 193 88 155 140 70 149 31 100 115 172 85 31 46 142 52 83 78 95 71 34 158 160 17 75 139 92 202
common_voice_en_18125649|common_voice_en_18125649_Chinese_zh.wav|common_voice_en_18125649_groundtruth.mp3|针对根服务器的攻击让我们的高级管理员相当紧张。|an attax against the roote server was quite tensioned to our senior managers|the attack on our root server overstrained our senior administrator.|201 14 18 82 114 7 136 115 172 85 89 31 46 148 78 95 71 30 180 15 41 115 13 156 158 113 119 51 63 112 168 180 62 121 59 27 115 54 183 3 91 65 163 70 168 141 102 15 41 76 101 104 165 47 101 21 130 128 116 126 87 157 48 74 149 196 128 145 108 184 163 70 149 31 46 170 25 82 93 66 195 171 67 98 119 51 63 93 66 31 100 173 60 189 101 24 40 19 141 102 15 144 50 17 175 43 165 101 177 106 193 72 25 114 7 136 119 172 195 171 98 165 47 24 192 19 92 202
common_voice_en_346569|common_voice_en_346569_Chinese_zh.wav|common_voice_en_346569_groundtruth.mp3|你希望我这样吗？|do you wish me that|do you want me?|201 14 31 100 144 175 43 91 21 130 128 116 187 40 67 171 48 74 177 106 194 12 6 121 59 193 99 148 26 140 70 125 129 68 92 202
common_voice_en_15016096|common_voice_en_15016096_Chinese_zh.wav|common_voice_en_15016096_groundtruth.mp3|要是他这样做了就好玩了。|if he does it would be fum|that would be funny if he did.|201 14 113 12 176 103 153 96 12 13 156 44 193 5 35 126 87 157 41 113 172 71 129 48 21 130 128 116 172 185 156 73 144 12 176 103 4 153 52 5 26 147 75 139 84 197 86 118 86 118 77 86 77 86 77 86 77 86 90 92 202
common_voice_en_19706560|common_voice_en_19706560_Chinese_zh.wav|common_voice_en_19706560_groundtruth.mp3|即便拥有鲜花和掌声，mavis 仍然不满足。|mavis is unsatisfied even with flowers and passions|although she had flowers and applause, mavis said she was not content.|201 14 177 106 193 148 35 79 104 136 151 111 141 102 15 41 151 126 87 157 0 174 5 147 63 112 168 180 15 41 193 148 35 69 127 151 111 19 120 48 103 153 52 97 108 184 123 185 129 68 36 125 162 166 138 42 11 125 22 125 110 144 198 12 104 136 119 82 182 21 128 116 6 176 48 103 4 178 105 88 155 164 60 165 24 192 87 157 41 119 51 182 112 66 89 154 46 148 78 40 67 98 1 51 75 192 168 39 152 92 202
common_voice_en_1885769|common_voice_en_1885769_Chinese_zh.wav|common_voice_en_1885769_groundtruth.mp3|添加列，将总和记录在这里。|ad the colms recorded the total end here|add the column and put the sum here.|201 14 110 18 148 35 185 121 59 27 115 95 85 34 196 46 199 33 169 136 54 53 63 112 192 19 48 183 3 115 95 85 125 34 196 80 60 101 69 127 151 172 185 121 59 27 172 85 125 31 46 16 186 65 69 45 33 9 0 57 18 25 82 63 93 66 129 23 96 28 181 38 47 139 92 202
common_voice_en_18891931|common_voice_en_18891931_Chinese_zh.wav|common_voice_en_18891931_groundtruth.mp3|alston 评论称，他觉得这位漫画家“可能存在种族歧视”。|alston commentations that he found the cartouner may be racial discrimination|alston commented that he felt the cartoonist "might have had some racial intent".|201 14 174 199 33 9 111 141 120 62 44 119 82 182 112 66 34 196 46 52 83 79 53 106 136 119 82 93 66 31 46 49 159 12 40 67 98 119 51 63 112 168 180 15 41 56 35 69 23 96 12 176 103 153 193 88 155 147 63 93 121 59 27 115 85 125 34 196 46 189 101 24 85 125 31 100 91 65 114 7 165 47 101 53 177 106 49 159 12 13 156 73 144 198 12 183 3 49 159 12 40 67 98 45 9 13 156 44 151 111 19 120 48 74 125 146 109 101 53 177 106 136 119 82 114 7 49 159 123 40 67 98 1 75 202
common_voice_en_12677|common_voice_en_12677_Chinese_zh.wav|common_voice_en_12677_groundtruth.mp3|从上方俯视身穿红色 t 恤、带着棒球帽的男士，他有一大堆海报。|a man in a red tshirt with a baseball cap has large postors from abot|man in red tshirt and baseball cap viewed from above he is has a pile of posters|201 14 37 54 177 106 193 72 25 82 114 7 119 82 114 7 54 183 3 81 170 35 172 185 70 89 31 46 144 198 12 40 67 98 165 76 101 163 70 21 128 116 6 121 27 115 13 156 73 193 49 159 12 40 19 48 74 73 45 9 85 34 158 46 193 148 78 79 71 89 73 68 36 86 162 166 161 42 11 86 122 56 35 126 87 157 41 54 134 105 52 189 101 24 185 195 171 48 74 89 154 46 186 65 40 19 120 62 44 165 47 24 192 19 48 4 109 53 106 136 54 13 156 73 5 26 124 92 202
common_voice_en_19909115|common_voice_en_19909115_Chinese_zh.wav|common_voice_en_19909115_groundtruth.mp3|两部电影相继在同一天内发布。|two movies were released on the same day|the two films were then released within one day of each other.|201 14 31 100 91 65 53 177 106 91 65 104 144 198 12 192 87 157 48 21 128 116 101 183 3 54 134 58 144 198 12 40 111 141 120 62 86 129 0 174 52 147 63 59 27 115 111 141 102 15 41 49 50 53 182 93 66 44 193 99 61 32 92 202
common_voice_en_601141|common_voice_en_601141_Chinese_zh.wav|common_voice_en_601141_groundtruth.mp3|经历过放飞自我的感官放纵后，mike 确信自己吸毒过量了。|after experiencing his incensors of flowing himself mike is convinced by his overdrug|after experiencing a mind-blowing sensual orgy, mike was sure he had taken an overdose.|201 14 131 148 78 176 30 89 44 165 179 38 115 95 71 30 141 120 48 74 73 144 181 38 194 28 119 51 112 168 180 15 41 160 17 23 113 151 126 87 157 0 57 113 119 51 63 112 168 180 102 15 41 170 51 63 112 168 180 15 41 165 24 192 87 157 41 37 143 176 103 4 178 169 105 186 164 173 136 160 17 23 113 119 51 53 112 141 180 102 15 41 26 190 124 176 103 152 68 36 149 162 166 138 42 11 22 149 10 177 106 145 108 184 95 71 149 158 113 151 126 87 141 48 74 34 46 119 51 182 112 104 153 187 51 63 112 168 120 62 129 74 149 73 145 108 184 23 113 151 126 87 157 0 174 186 164 104 109 165 101 24 13 156 195 150 3 81 5 26 95 185 92 202
common_voice_en_19688238|common_voice_en_19688238_Chinese_zh.wav|common_voice_en_19688238_groundtruth.mp3|宗教节日包括伊斯兰教的开斋节，以及基督教的圣诞节和复活节。|religious festivals include islamic festival and christian christian and easters festival|religious festivals include the muslim eids and the christian christmas and easter.|201 14 183 3 54 169 58 136 187 172 185 195 171 98 151 111 141 120 48 103 153 193 170 78 111 141 120 62 44 115 143 104 45 33 9 192 87 157 41 119 51 182 112 66 34 196 178 58 91 65 185 129 0 57 113 151 126 87 157 48 134 105 52 83 147 53 106 136 115 95 71 30 176 103 153 193 170 78 111 141 120 62 44 115 143 104 45 124 139 36 149 162 166 161 42 11 149 110 18 82 182 112 66 89 196 150 109 187 111 19 120 62 195 171 98 119 51 182 112 66 89 196 150 3 187 111 19 120 62 195 171 98 119 51 114 7 119 82 114 0 57 198 12 40 141 120 62 44 165 24 192 87 19 48 103 153 193 170 78 111 19 120 62 44 115 143 104 45 124 92 202
common_voice_en_17260286|common_voice_en_17260286_Chinese_zh.wav|common_voice_en_17260286_groundtruth.mp3|你有什么建议吗，先生？|have you any suggestion sir|what do you advise, sir?|201 14 56 35 143 104 175 43 91 173 0 57 18 119 82 114 194 12 40 141 102 15 41 115 172 13 89 195 171 98 170 78 111 19 120 62 195 171 98 119 51 63 93 112 168 180 102 15 41 165 47 139 92 202
common_voice_en_17941982|common_voice_en_17941982_Chinese_zh.wav|common_voice_en_17941982_groundtruth.mp3|charles 旁观着，因为无能为力而感到非常生气。|charles watches very angry by inforce because of no force|charles looked on, angry that there was nothing he could do.|201 14 171 46 16 189 179 81 45 33 9 87 157 48 21 130 128 52 83 78 140 71 195 171 98 151 126 87 157 48 74 104 153 193 181 38 194 12 0 57 72 160 17 93 146 3 194 12 13 156 73 145 108 184 0 57 113 119 82 63 182 112 176 103 4 80 60 101 24 40 19 120 48 74 125 73 144 12 95 125 34 46 56 35 126 87 157 41 37 143 104 135 7 16 186 164 176 103 4 80 60 47 24 40 19 39 152 92 202
common_voice_en_19698345|common_voice_en_19698345_Chinese_zh.wav|common_voice_en_19698345_groundtruth.mp3|和平港机场为和平港提供服务。|peaceport airport is served by peaceport|port-de-paix is served by port-de-paix airport.|201 14 154 46 96 198 12 40 141 120 48 74 89 154 80 60 101 24 71 129 0 57 181 38 101 79 85 89 154 80 60 47 24 163 70 133 149 57 113 151 126 111 141 120 102 15 41 76 38 101 143 104 30 89 129 48 74 149 73 145 108 184 85 89 154 46 96 198 12 40 141 120 48 74 89 154 80 60 47 92 202
common_voice_en_18001366|common_voice_en_18001366_Chinese_zh.wav|common_voice_en_18001366_groundtruth.mp3|他的灿烂笑容为他带来了许多朋友。|his bright smile brought him many friends|his wide grin earned many friends.|201 14 113 151 126 87 157 48 74 86 73 3 81 145 108 184 163 70 168 141 120 48 74 177 106 52 97 108 190 45 33 9 13 156 86 73 3 81 52 83 140 69 23 113 119 53 177 106 119 82 114 194 12 176 103 4 3 81 99 25 51 75 192 168 39 152 92 202
common_voice_en_19740330|common_voice_en_19740330_Chinese_zh.wav|common_voice_en_19740330_groundtruth.mp3|锡比和奎达通过公路和铁路相连。|sibian quita are connected by road and railway|it connects sibi with quetta both by road and railway.|201 14 180 102 15 144 198 12 13 156 73 144 198 28 113 119 82 63 182 112 66 89 34 196 128 116 144 198 12 69 127 193 26 78 139 84 133 86 110 174 189 101 95 71 34 158 46 119 82 114 7 193 170 95 71 30 86 44 127 113 1 172 185 156 86 73 145 108 184 183 3 81 186 164 65 185 129 0 57 18 82 182 183 3 81 99 28 190 45 33 9 21 130 128 116 99 61 32 92 202
common_voice_en_193576|common_voice_en_193576_Chinese_zh.wav|common_voice_en_193576_groundtruth.mp3|尽管如此，我仍然相信火星上存在人类。|i still believe humans on mars nevertheless|in spite of this, i still believed that there were men in mars.|201 14 145 108 184 40 141 120 62 44 187 190 33 9 13 156 73 54 169 58 144 198 12 143 104 23 96 43 91 53 177 106 136 119 51 63 192 168 157 41 16 52 147 63 182 177 106 199 189 47 24 192 19 39 152 68 84 133 149 10 135 7 56 170 79 104 109 165 6 121 59 27 54 169 105 26 78 111 92 202
common_voice_en_635431|common_voice_en_635431_Chinese_zh.wav|common_voice_en_635431_groundtruth.mp3|土地遭到了破坏，我必须寻找其他营生方式。|the land is destroyed i have to find another ways of living|the land was ruined, and i had to find some other way to earn a living.|201 14 59 27 54 134 105 193 72 25 82 93 66 127 151 126 87 157 62 89 44 151 111 141 120 62 195 150 3 81 80 60 136 26 184 123 185 129 68 36 117 162 166 138 42 11 149 110 145 108 184 23 142 148 78 176 30 89 31 100 115 176 103 153 52 97 108 184 82 93 66 127 119 82 114 7 5 6 121 59 136 165 101 21 130 128 116 49 159 12 192 87 157 41 37 143 104 134 58 187 143 104 136 160 17 75 139 92 202
common_voice_en_17961589|common_voice_en_17961589_Chinese_zh.wav|common_voice_en_17961589_groundtruth.mp3|地板上有沾着泥浆的足迹。|the floor has a foot package with muttar|footprints of mud and clay were on the floor.|201 14 59 27 115 176 103 4 178 169 105 80 60 101 23 56 35 126 87 157 41 27 115 176 103 4 153 116 187 163 70 149 154 46 148 78 95 71 149 158 113 1 172 185 195 171 48 21 116 6 176 48 74 177 106 5 35 69 127 165 47 139 92 202
common_voice_en_155041|common_voice_en_155041_Chinese_zh.wav|common_voice_en_155041_groundtruth.mp3|我指出了火星，那是一个明亮的光点。|i noted that mars's a bright-like poet|i pointed out mars, a bright dot of light.|201 14 145 108 184 82 135 7 16 186 65 69 127 151 172 185 121 59 193 56 148 35 140 163 70 177 106 52 189 101 24 40 19 141 102 15 41 151 126 87 157 41 27 115 13 156 149 73 183 3 81 145 108 184 163 70 134 105 145 108 184 123 70 149 154 46 80 136 184 123 92 202
common_voice_en_111075|common_voice_en_111075_Chinese_zh.wav|common_voice_en_111075_groundtruth.mp3|他想，我知道自己为什么想要回到同类人之中。|he wanted to know why he wanted to return to the class people|i know why i want to get back to my flock, he thought.|201 14 96 12 21 130 128 5 147 93 66 31 127 151 172 185 89 31 100 135 7 16 186 164 21 130 128 145 108 184 23 96 12 21 130 128 5 147 66 31 127 151 172 185 85 149 31 100 183 3 115 172 85 149 31 46 109 76 38 24 82 93 66 31 100 6 121 59 27 115 95 85 34 196 178 105 148 78 111 141 120 48 74 149 154 46 144 198 12 123 71 149 73 45 124 92 202
common_voice_en_86584|common_voice_en_86584_Chinese_zh.wav|common_voice_en_86584_groundtruth.mp3|你应该特别关注另一个家伙，看看他多么擅长格斗。|you should attention specially to see another guy what is good fighting|you should see the other guy, specifically, how good at fighting he is.|201 14 175 43 91 65 40 67 98 187 172 69 127 115 172 85 89 31 46 170 25 82 93 66 195 171 98 119 51 63 93 112 168 141 120 48 74 149 73 193 170 78 40 67 98 54 169 58 61 32 36 162 166 161 42 11 22 149 31 100 151 111 141 180 102 15 144 198 28 113 119 82 114 7 5 6 121 59 136 165 24 13 89 146 193 52 97 108 184 21 130 128 116 56 69 127 151 126 87 157 48 74 149 146 187 172 185 176 103 4 153 145 108 184 69 127 160 17 75 139 92 202
common_voice_en_19479960|common_voice_en_19479960_Chinese_zh.wav|common_voice_en_19479960_groundtruth.mp3|他有着非裔美国人和意大利人血统。|he is of african-american and italian descent|he is of african-american and italian descent.|201 14 96 198 28 113 151 126 87 157 41 37 143 104 0 57 174 148 78 79 176 4 109 101 95 71 34 158 113 119 82 114 7 115 177 106 193 181 38 24 95 71 34 158 113 119 82 114 7 0 57 18 82 114 127 115 172 85 89 31 46 88 155 169 58 136 194 28 119 82 63 93 156 44 151 111 141 102 15 41 170 25 82 75 70 86 129 68 92 202
common_voice_en_193520|common_voice_en_193520_Chinese_zh.wav|common_voice_en_193520_groundtruth.mp3|那并不是 carson sphinx。|that's notcourse in spinx|that's not carson sphinx.|201 14 59 56 170 35 140 71 168 120 48 74 135 7 52 83 140 70 86 34 196 142 189 101 24 40 19 15 41 119 51 63 112 168 141 120 48 74 86 153 187 160 17 123 70 86 30 39 152 92 202
common_voice_en_18987361|common_voice_en_18987361_Chinese_zh.wav|common_voice_en_18987361_groundtruth.mp3|lorenz 被列为瑞士具有国家影响力的遗产。|lawrence is listed as a heritage of national influenced switzerland|lorenz is listed as a swiss heritage site of national significance.|201 14 10 134 105 16 80 60 179 136 119 51 63 93 112 168 19 39 152 0 57 113 151 126 87 157 48 134 58 187 151 111 141 120 62 44 127 1 172 185 129 0 57 56 35 126 87 157 41 27 115 23 181 38 24 172 71 31 100 1 172 185 195 171 98 0 37 143 104 135 7 193 148 78 40 67 98 114 7 45 9 0 57 113 119 82 182 112 176 103 4 178 58 136 54 173 136 119 51 63 112 168 19 120 62 125 129 68 133 125 133 122 19 120 48 116 187 172 71 168 19 15 41 165 24 134 169 58 136 1 82 75 92 202
common_voice_en_18277778|common_voice_en_18277778_Chinese_zh.wav|common_voice_en_18277778_groundtruth.mp3|我们不应将自己的幸运视为理所当然。|we should not consider our fortunes to be notced|we should not take for granted how fortunate we have been.|201 14 128 116 144 12 40 67 98 115 172 185 135 7 52 83 140 70 89 34 46 119 51 63 112 168 141 102 15 41 187 69 127 165 101 0 174 189 101 176 103 4 80 60 101 24 71 195 171 98 119 51 63 192 168 19 120 62 149 31 100 13 156 73 144 12 135 7 16 186 65 69 127 1 111 19 39 92 202
common_voice_en_18319767|common_voice_en_18319767_Chinese_zh.wav|common_voice_en_18319767_groundtruth.mp3|农民辛勤耕耘，种植粮食。|the farmers were hard to planting food|the farmer works the soil and produces grain.|201 14 59 27 115 176 103 153 52 189 101 53 106 165 24 192 19 48 21 128 116 101 23 142 189 101 24 185 70 149 31 100 115 85 149 154 178 105 72 25 82 93 66 31 100 160 17 112 176 103 4 153 91 65 185 92 202
common_voice_en_17913515|common_voice_en_17913515_Chinese_zh.wav|common_voice_en_17913515_groundtruth.mp3|自从养了狗，狐狸就不再经常出现了。|since the dod foxes appear no longer frequently|since i've gotten a dog, the regular visits of the fox have stopped.|201 14 102 15 41 56 51 63 112 168 180 48 121 59 27 172 13 156 44 16 52 199 83 147 95 185 30 176 103 4 153 52 83 78 95 71 30 180 15 41 151 126 87 157 41 115 85 149 154 46 144 28 181 38 101 24 135 7 16 186 164 9 134 105 199 83 147 93 146 165 101 176 103 4 3 144 12 95 71 149 196 116 136 119 51 163 70 134 58 61 32 92 202
common_voice_en_18208645|common_voice_en_18208645_Chinese_zh.wav|common_voice_en_18208645_groundtruth.mp3|他演讲结束后，观众纷纷起立鼓掌。|audiences rises after his lecture and crowned after his lecture|his speech ended with a standing ovation.|201 14 174 52 83 35 69 127 194 28 113 119 51 63 112 168 141 102 15 41 151 126 87 157 48 183 3 81 145 108 184 126 87 157 41 151 126 87 157 0 57 193 148 78 176 30 89 44 165 101 23 151 126 87 157 48 134 105 170 95 71 30 67 98 165 47 139 36 86 162 166 161 42 11 149 110 18 82 182 112 66 34 196 150 3 81 72 88 155 147 63 93 66 129 0 57 193 148 78 176 30 89 44 165 101 23 113 151 126 87 157 48 134 105 170 95 71 30 67 98 165 47 92 202
common_voice_en_159192|common_voice_en_159192_Chinese_zh.wav|common_voice_en_159192_groundtruth.mp3|男孩对太阳说：“风告诉我，你知道什么是爱”。|the boy tell me the sun to know you what love|"the wind told me that you know about love" the boy said to the sun.|201 14 27 54 13 156 73 80 60 136 184 12 172 85 125 31 46 190 33 9 53 177 106 194 12 6 121 59 27 111 141 102 15 41 5 147 63 93 66 31 100 135 7 16 186 164 65 175 43 91 173 21 130 128 116 56 140 163 70 134 105 5 26 143 104 92 202
common_voice_en_18339580|common_voice_en_18339580_Chinese_zh.wav|common_voice_en_18339580_groundtruth.mp3|那些粉红色的小东西真可爱。|those little pink things are lovely|the little pink ones are so cute.|201 14 59 56 186 164 65 126 87 157 48 134 58 187 69 127 45 9 85 149 154 46 113 160 17 112 30 176 103 59 41 56 160 17 192 87 157 41 165 101 24 134 105 5 79 104 134 58 61 32 92 202
common_voice_en_638672|common_voice_en_638672_Chinese_zh.wav|common_voice_en_638672_groundtruth.mp3|学生们用蜡笔涂颜色。|students painting colors with crashes|the students colored with their crayons.|201 14 120 62 125 44 91 65 69 127 119 51 63 112 168 19 120 48 74 125 154 46 49 50 93 66 31 100 160 17 112 66 34 196 46 5 169 136 165 47 24 192 19 48 21 128 116 6 176 48 74 125 34 196 150 3 81 148 78 40 67 98 1 192 39 152 92 202
common_voice_en_217612|common_voice_en_217612_Chinese_zh.wav|common_voice_en_217612_groundtruth.mp3|在他看来，它似乎落在了离这儿以东一百英里的地方。|it seems to him to fall a hundred miles east of him|it seemed to him that it fell to earth about one hundred miles east of here.|201 14 113 172 71 168 141 102 15 144 50 53 93 112 19 120 62 31 100 115 23 113 119 53 63 93 66 31 100 115 176 103 4 153 199 33 169 136 54 142 5 147 93 127 165 101 24 185 70 177 106 52 97 108 190 45 9 87 157 0 57 144 198 12 40 19 120 62 44 37 143 104 23 1 26 53 75 139 84 197 86 118 86 118 77 86 77 86 77 86 77 86 77 86 90 64 92 202
common_voice_en_16327|common_voice_en_16327_Chinese_zh.wav|common_voice_en_16327_groundtruth.mp3|他拿起第四部分，交给了和尚。|he took the fourth part and-given to the man|he took the fourth part and handed it to the monk.|201 14 96 12 85 89 31 100 187 115 95 71 30 121 59 27 115 176 103 4 80 60 101 24 6 176 48 74 86 154 46 189 101 24 163 70 0 57 18 82 182 93 156 158 113 187 143 104 136 119 51 63 93 66 31 100 6 121 27 54 177 106 52 83 147 75 139 92 202
common_voice_en_19992991|common_voice_en_19992991_Chinese_zh.wav|common_voice_en_19992991_groundtruth.mp3|他是右撇子击球手和左手慢投球手。|he is a right-handed batter and left-handed slow pitcher|he is a right-handed batsman and a left-arm slow bowler.|201 14 96 198 28 113 151 126 87 157 41 115 54 183 3 81 145 108 184 163 70 23 72 25 82 93 127 151 172 185 13 156 149 73 193 148 35 69 127 165 47 101 0 57 18 51 63 134 105 170 78 176 30 89 129 23 72 25 82 93 127 151 172 185 168 141 120 48 178 169 105 186 164 9 85 149 154 46 187 172 71 195 171 98 165 47 92 202
